[[    0.             0.             0.             0.
      0.             0.             0.             0.
      0.             0.             0.             0.
      0.             0.             0.             0.
      0.             0.             0.             0.        ]
 [    0.          -494.79543376  -825.23959808 -1058.78824179
  -1227.89856767 -1350.75387441 -1438.66700938 -1499.06941345
  -1536.85488925 -1555.02927726 -1555.02927726 -1536.85488925
  -1499.06941345 -1438.66700938 -1350.75387441 -1227.89856767
  -1058.78824179  -825.23959808  -494.79543376     0.        ]
 [    0.          -825.23959808 -1422.27548015 -1860.3147503
  -2183.45278714 -2420.56952559 -2591.22828606 -2708.89005108
  -2782.64710639 -2818.16284704 -2818.16284704 -2782.64710639
  -2708.89005108 -2591.22828606 -2420.56952559 -2183.45278714
  -1860.3147503  -1422.27548015  -825.23959808     0.        ]
 [    0.         -1058.78824179 -1860.3147503  -2465.45159842
  -2919.85270584 -3257.02828103 -3501.43699026 -3670.71743723
  -3777.13372859 -3828.45533177 -3828.45533177 -3777.13372859
  -3670.71743723 -3501.43699026 -3257.02828103 -2919.85270584
  -2465.45159842 -1860.3147503  -1058.78824179     0.        ]
 [    0.         -1227.89856767 -2183.45278714 -2919.85270584
  -3480.96390787 -3901.59405553 -4208.65415298 -4422.34664109
  -4557.09599253 -4622.19419064 -4622.19419064 -4557.09599253
  -4422.34664109 -4208.65415298 -3901.59405553 -3480.96390787
  -2919.85270584 -2183.45278714 -1227.89856767     0.        ]
 [    0.         -1350.75387441 -2420.56952559 -3257.02828103
  -3901.59405553 -4388.89474398 -4746.83894641 -4997.03946719
  -5155.2711124  -5231.84115215 -5231.84115215 -5155.2711124
  -4997.03946719 -4746.83894641 -4388.89474398 -3901.59405553
  -3257.02828103 -2420.56952559 -1350.75387441     0.        ]
 [    0.         -1438.66700938 -2591.22828606 -3501.43699026
  -4208.65415298 -4746.83894641 -5144.14848549 -5422.88765912
  -5599.60878836 -5685.25040811 -5685.25040811 -5599.60878836
  -5422.88765912 -5144.14848549 -4746.83894641 -4208.65415298
  -3501.43699026 -2591.22828606 -1438.66700938     0.        ]
 [    0.         -1499.06941345 -2708.89005108 -3670.71743723
  -4422.34664109 -4997.03946719 -5422.88765912 -5722.48642055
  -5912.80187548 -6005.13661755 -6005.13661755 -5912.80187548
  -5722.48642055 -5422.88765912 -4997.03946719 -4422.34664109
  -3670.71743723 -2708.89005108 -1499.06941345     0.        ]
 [    0.         -1536.85488925 -2782.64710639 -3777.13372859
  -4557.09599253 -5155.2711124  -5599.60878836 -5912.80187548
  -6112.01451716 -6208.74124125 -6208.74124125 -6112.01451716
  -5912.80187548 -5599.60878836 -5155.2711124  -4557.09599253
  -3777.13372859 -2782.64710639 -1536.85488925     0.        ]
 [    0.         -1555.02927726 -2818.16284704 -3828.45533177
  -4622.19419064 -5231.84115215 -5685.25040811 -6005.13661755
  -6208.74124125 -6307.63935114 -6307.63935114 -6208.74124125
  -6005.13661755 -5685.25040811 -5231.84115215 -4622.19419064
  -3828.45533177 -2818.16284704 -1555.02927726     0.        ]
 [    0.         -1555.02927726 -2818.16284704 -3828.45533177
  -4622.19419064 -5231.84115215 -5685.25040811 -6005.13661755
  -6208.74124125 -6307.63935114 -6307.63935114 -6208.74124125
  -6005.13661755 -5685.25040811 -5231.84115215 -4622.19419064
  -3828.45533177 -2818.16284704 -1555.02927726     0.        ]
 [    0.         -1536.85488925 -2782.64710639 -3777.13372859
  -4557.09599253 -5155.2711124  -5599.60878836 -5912.80187548
  -6112.01451716 -6208.74124125 -6208.74124125 -6112.01451716
  -5912.80187548 -5599.60878836 -5155.2711124  -4557.09599253
  -3777.13372859 -2782.64710639 -1536.85488925     0.        ]
 [    0.         -1499.06941345 -2708.89005108 -3670.71743723
  -4422.34664109 -4997.03946719 -5422.88765912 -5722.48642055
  -5912.80187548 -6005.13661755 -6005.13661755 -5912.80187548
  -5722.48642055 -5422.88765912 -4997.03946719 -4422.34664109
  -3670.71743723 -2708.89005108 -1499.06941345     0.        ]
 [    0.         -1438.66700938 -2591.22828606 -3501.43699026
  -4208.65415298 -4746.83894641 -5144.14848549 -5422.88765912
  -5599.60878836 -5685.25040811 -5685.25040811 -5599.60878836
  -5422.88765912 -5144.14848549 -4746.83894641 -4208.65415298
  -3501.43699026 -2591.22828606 -1438.66700938     0.        ]
 [    0.         -1350.75387441 -2420.56952559 -3257.02828103
  -3901.59405553 -4388.89474398 -4746.83894641 -4997.03946719
  -5155.2711124  -5231.84115215 -5231.84115215 -5155.2711124
  -4997.03946719 -4746.83894641 -4388.89474398 -3901.59405553
  -3257.02828103 -2420.56952559 -1350.75387441     0.        ]
 [    0.         -1227.89856767 -2183.45278714 -2919.85270584
  -3480.96390787 -3901.59405553 -4208.65415298 -4422.34664109
  -4557.09599253 -4622.19419064 -4622.19419064 -4557.09599253
  -4422.34664109 -4208.65415298 -3901.59405553 -3480.96390787
  -2919.85270584 -2183.45278714 -1227.89856767     0.        ]
 [    0.         -1058.78824179 -1860.3147503  -2465.45159842
  -2919.85270584 -3257.02828103 -3501.43699026 -3670.71743723
  -3777.13372859 -3828.45533177 -3828.45533177 -3777.13372859
  -3670.71743723 -3501.43699026 -3257.02828103 -2919.85270584
  -2465.45159842 -1860.3147503  -1058.78824179     0.        ]
 [    0.          -825.23959808 -1422.27548015 -1860.3147503
  -2183.45278714 -2420.56952559 -2591.22828606 -2708.89005108
  -2782.64710639 -2818.16284704 -2818.16284704 -2782.64710639
  -2708.89005108 -2591.22828606 -2420.56952559 -2183.45278714
  -1860.3147503  -1422.27548015  -825.23959808     0.        ]
 [    0.          -494.79543376  -825.23959808 -1058.78824179
  -1227.89856767 -1350.75387441 -1438.66700938 -1499.06941345
  -1536.85488925 -1555.02927726 -1555.02927726 -1536.85488925
  -1499.06941345 -1438.66700938 -1350.75387441 -1227.89856767
  -1058.78824179  -825.23959808  -494.79543376     0.        ]
 [    0.             0.             0.             0.
      0.             0.             0.             0.
      0.             0.             0.             0.
      0.             0.             0.             0.
      0.             0.             0.             0.        ]]